$ 1 0.000005 10.20027730826997 50 5 50 5e-11
t 176 288 240 288 0 1 -4.384052813640557 0.21747345146123334 100 default
w 128 112 240 112 0
w 240 304 240 384 1
g 240 384 240 416 0 0
R 128 112 128 80 0 0 40 5 0 0 0.5
f 320 208 368 208 32 1.5 0.02
r 368 288 368 384 0 10
g 368 384 368 416 0 0
w 240 272 240 208 0
w 240 208 256 208 0
r 240 208 240 112 0 100000
w 240 112 368 112 0
w 368 112 368 192 1
R 80 208 80 176 0 0 40 3.3 0 0 0.5
s 80 208 80 288 0 1 false
r 176 288 128 288 0 100000
w 80 288 128 288 1
r 256 208 320 208 0 10
r 320 208 320 288 0 1000000
w 368 224 368 288 0
w 320 288 368 288 0
x 141 262 164 265 4 12 R_B
x 252 148 272 151 4 12 R_*
x 383 358 418 361 4 16 Load
x 298 192 322 195 4 12 R_G
x 276 263 308 266 4 12 R_GS
38 17 F1 0 1 1000 -1 Resistance
